[DEBUG] FitRes created: FitRes(status=Status(code=0, message='Success'), parameters=[array([[[[ 1.04786851e-03,  9.83797461e-02,  1.49294704e-01],
         [-5.04032671e-02, -1.67226046e-01, -1.65085107e-01],
         [ 7.10238740e-02, -1.79874912e-01, -1.82938725e-01]],

        [[ 4.57558446e-02,  5.24357297e-02, -2.24853642e-02],
         [ 1.20299250e-01,  8.35686550e-02, -1.57064617e-01],
         [-7.74424672e-02, -8.36843699e-02, -1.28332958e-01]],

        [[-1.69553995e-01,  1.59239992e-01, -1.40523970e-01],
         [-6.04262091e-02,  7.51447082e-02, -7.48322830e-02],
         [ 1.74766436e-01,  4.23798151e-02, -1.51036382e-01]]],


       [[[ 6.95381388e-02,  4.33814563e-02, -1.01814136e-01],
         [ 1.81726411e-01,  1.50913224e-01,  7.16834292e-02],
         [ 8.77265632e-02, -1.65093988e-01,  1.11334518e-01]],

        [[ 1.25266746e-01,  1.42367899e-01, -3.15771475e-02],
         [-3.49273905e-02,  1.29793495e-01,  8.90090838e-02],
         [-1.49129063e-01,  1.83695070e-02, -1.62865460e-01]],

        [[ 1.64068535e-01,  1.87905997e-01,  2.90046316e-02],
         [ 6.31310269e-02,  1.42006010e-01,  6.56715855e-02],
         [-4.11706902e-02, -1.62306368e-01,  6.53868765e-02]]],


       [[[-1.50788678e-02,  9.01240557e-02, -2.52403808e-03],
         [ 3.01277731e-02, -6.72876537e-02, -1.84321955e-01],
         [ 3.21294703e-02, -1.32263094e-01, -1.55741319e-01]],

        [[-4.84789945e-02,  8.67644772e-02, -1.69174448e-01],
         [-4.34116237e-02, -3.87746207e-02,  6.62680492e-02],
         [ 1.42071560e-01, -1.11547122e-02,  9.24987420e-02]],

        [[ 1.62481949e-01,  1.74479291e-01, -1.85326025e-01],
         [ 1.42259240e-01, -1.79968312e-01, -6.59708828e-02],
         [-9.78351533e-02,  1.51811838e-01,  4.39496798e-04]]],


       [[[ 1.74298286e-01,  1.22248799e-01, -1.88722342e-01],
         [-1.90028608e-01,  3.12895924e-02,  1.66820452e-01],
         [-1.57607466e-01,  5.19240322e-03,  1.62932038e-01]],

        [[ 1.60859451e-01, -1.91679567e-01, -8.95666108e-02],
         [-3.73595208e-02, -1.02413513e-01,  4.35953662e-02],
         [-1.53520271e-01, -1.07583620e-01,  6.38967380e-02]],

        [[ 4.06908616e-02,  1.79062203e-01, -2.68883854e-02],
         [ 4.41543907e-02,  8.46960172e-02,  1.51692815e-02],
         [ 4.47059348e-02,  2.77479477e-02, -1.07476614e-01]]],


       [[[-1.25682637e-01,  1.75816268e-01, -1.60375565e-01],
         [ 7.38550536e-03, -1.19175307e-01, -1.42058119e-01],
         [-2.89493892e-02,  1.07485242e-01, -1.56803161e-01]],

        [[ 7.11142197e-02, -1.02861732e-01,  1.89181358e-01],
         [ 6.14322089e-02, -1.39552683e-01,  6.87910095e-02],
         [ 1.24328800e-01,  1.52710140e-01, -1.13755271e-01]],

        [[ 7.88640156e-02,  4.71385953e-04, -8.96230489e-02],
         [ 1.85303733e-01, -1.72245260e-02, -8.35265070e-02],
         [ 7.28828982e-02,  1.08031876e-01,  1.03849791e-01]]],


       [[[-1.46122813e-01,  3.21539268e-02, -1.54614091e-01],
         [-5.12798280e-02,  3.48334424e-02, -1.62934363e-01],
         [ 1.53454155e-01,  1.64870601e-02, -8.92782360e-02]],

        [[-4.65887263e-02,  2.03035735e-02, -1.69078410e-01],
         [-3.63804810e-02,  1.78115278e-01, -1.37705609e-01],
         [-3.84606165e-03, -1.90039709e-01, -6.51056096e-02]],

        [[-1.65605024e-01,  1.54479563e-01,  1.75209850e-01],
         [ 5.81860989e-02,  1.28832802e-01,  6.83337376e-02],
         [-5.85653298e-02,  1.84716597e-01,  4.38624546e-02]]],


       [[[ 7.17387199e-02,  2.50460189e-02,  1.68879684e-02],
         [ 6.13857768e-02, -6.36397898e-02,  1.74667805e-01],
         [-1.29807189e-01, -1.49294287e-01,  9.19524282e-02]],

        [[ 1.44424334e-01, -5.56997806e-02,  1.00558326e-01],
         [-1.29515931e-01, -3.57544422e-02,  5.92068285e-02],
         [-1.52801141e-01,  9.86632556e-02,  1.31311908e-01]],

        [[ 1.70999959e-01,  1.92151278e-01, -1.46174863e-01],
         [ 7.61839524e-02, -1.54123932e-01, -5.92109822e-02],
         [-1.56394601e-01,  1.28572389e-01,  1.28274247e-01]]],


       [[[-8.26875940e-02,  1.50563732e-01,  1.79442257e-01],
         [-4.20409441e-02,  1.28101811e-01,  1.76510856e-01],
         [-1.65934652e-01, -1.55677304e-01,  2.16507185e-02]],

        [[ 1.05752215e-01, -6.50855824e-02,  5.47712073e-02],
         [ 5.27172238e-02,  7.10642710e-02,  1.22741707e-01],
         [ 1.86388582e-01, -1.68847665e-01, -1.42652355e-02]],

        [[ 6.36129007e-02,  7.23598897e-02, -1.44098878e-01],
         [-8.13842192e-02, -1.27757683e-01,  1.35197490e-01],
         [-1.71732739e-01,  1.08761594e-01,  1.20985508e-01]]],


       [[[-1.78403899e-01, -1.63712278e-01, -1.72140971e-01],
         [ 6.11367188e-02, -1.86582990e-02, -7.91428760e-02],
         [-1.84501663e-01, -2.57297531e-02,  1.53928295e-01]],

        [[-1.72356099e-01, -8.90624002e-02, -1.97005700e-02],
         [ 5.35679758e-02,  9.95558351e-02, -1.19556347e-02],
         [ 1.54851511e-01, -1.86664462e-01, -1.40246049e-01]],

        [[ 1.15053847e-01,  7.98028186e-02, -1.51131541e-01],
         [ 2.35851966e-02,  7.57441744e-02,  1.64737776e-02],
         [-1.10692650e-01, -1.07773624e-01, -1.07618354e-01]]],


       [[[-1.29017770e-01,  1.74089372e-01,  1.52465224e-01],
         [-2.59491690e-02,  1.80728920e-02, -1.45559683e-01],
         [ 8.59964043e-02, -7.28434324e-02, -7.33761936e-02]],

        [[-4.29879352e-02, -1.64300273e-03,  9.70793050e-03],
         [ 3.16925198e-02,  1.84558675e-01, -1.01659440e-01],
         [ 1.90406531e-01,  8.81457329e-02,  1.66032866e-01]],

        [[-1.58849984e-01,  4.17666510e-02,  3.35380547e-02],
         [-1.70830533e-01,  6.94175735e-02, -1.12027936e-01],
         [-1.45738214e-01,  8.52410197e-02, -3.38835828e-02]]],


       [[[ 1.24369085e-01, -6.33840784e-02,  1.21406831e-01],
         [ 1.32112190e-01, -1.44449160e-01, -5.62608689e-02],
         [ 2.45578610e-03,  7.18352571e-02,  1.11873835e-01]],

        [[-6.80376962e-02,  1.00152366e-01,  1.84644908e-01],
         [ 1.16236657e-02, -4.99796905e-02, -1.08825825e-01],
         [-1.74226314e-01,  7.59839863e-02, -3.92305432e-03]],

        [[ 5.05303172e-03, -1.26819499e-02, -8.04905891e-02],
         [ 1.74207047e-01, -9.37661380e-02, -1.68338820e-01],
         [-9.43286493e-02, -5.39935268e-02,  1.17723107e-01]]],


       [[[-1.01586528e-01,  3.71118411e-02,  1.52224645e-01],
         [-4.29459289e-02, -1.02856748e-01,  8.88119824e-03],
         [ 9.71883312e-02,  5.35753882e-03, -1.63222343e-01]],

        [[ 9.64234248e-02,  1.64568111e-01,  4.25194390e-02],
         [ 1.19159110e-01,  1.57916293e-01,  2.54793204e-02],
         [ 1.86944827e-01,  1.84705824e-01, -1.58270508e-01]],

        [[ 7.64027461e-02,  1.45569980e-01, -5.22515289e-02],
         [ 6.94144294e-02, -1.38210744e-01, -7.33816251e-02],
         [ 1.44922763e-01,  1.37456089e-01,  7.45600611e-02]]],


       [[[ 8.02240074e-02,  1.63470656e-01,  7.98111930e-02],
         [ 4.87179123e-03, -1.62294075e-01, -1.65937632e-01],
         [ 5.51083609e-02,  1.37955233e-01, -3.51745188e-02]],

        [[-1.38918981e-01,  1.13755614e-01,  3.11072972e-02],
         [-1.15177251e-01,  1.67011302e-02, -9.17143151e-02],
         [ 8.21879879e-02, -4.28054109e-02, -5.03234044e-02]],

        [[-4.31302898e-02, -1.76918462e-01, -2.90363841e-02],
         [ 3.44014242e-02, -3.81185524e-02, -8.82496610e-02],
         [-1.42550394e-01,  7.03633502e-02,  3.16194743e-02]]],


       [[[ 1.11400314e-01,  4.99572754e-02, -2.96646003e-02],
         [ 3.43047492e-02, -1.07949793e-01, -6.46694154e-02],
         [ 1.17389582e-01,  1.92013115e-01,  3.09154820e-02]],

        [[ 1.78588449e-03,  8.48383456e-02,  1.39715225e-01],
         [ 1.41396746e-01,  1.33324385e-01, -1.61883116e-01],
         [ 9.03224349e-02, -7.65377805e-02, -1.51905984e-01]],

        [[-6.83731735e-02,  8.71359035e-02, -1.45396194e-03],
         [ 4.99174483e-02, -6.02744054e-03, -8.39494616e-02],
         [-4.34754044e-02,  5.18653728e-02,  1.48259819e-01]]],


       [[[-1.87159330e-01, -3.62437479e-02,  5.45003116e-02],
         [ 2.21342165e-02,  1.50078326e-01, -1.89277530e-01],
         [-1.69787839e-01,  1.81326970e-01,  1.15540605e-02]],

        [[ 1.18433408e-01,  1.71923965e-01, -1.29587144e-01],
         [ 1.73000246e-01,  6.82792217e-02, -1.21880218e-01],
         [-1.11605920e-01, -1.13243483e-01, -5.50688989e-03]],

        [[ 2.92766318e-02,  1.84354767e-01, -1.57995626e-01],
         [ 1.67766392e-01, -7.28480890e-02, -1.51547138e-02],
         [ 1.76656500e-01, -2.02554874e-02, -1.82626992e-01]]],


       [[[-1.55309796e-01, -1.36247456e-01, -6.38252273e-02],
         [ 1.45036012e-01,  5.55689186e-02,  1.57800823e-01],
         [ 1.64983153e-01, -8.26170966e-02, -2.38707084e-02]],

        [[-1.32109821e-01,  1.60709158e-01,  1.65647835e-01],
         [-1.02845514e-02,  1.90248013e-01, -7.73708895e-02],
         [ 1.26021028e-01,  4.25801910e-02,  1.12703092e-01]],

        [[-1.09538771e-01,  4.35019694e-02,  1.90365851e-01],
         [-1.03814108e-03,  1.33358732e-01, -7.26513639e-02],
         [ 1.27006704e-02, -7.25074038e-02,  3.81581970e-02]]],


       [[[-6.75184727e-02,  8.58443677e-02,  1.49107069e-01],
         [-3.07951048e-02,  1.84842385e-02,  1.91036463e-01],
         [ 1.33167207e-01, -9.67465565e-02, -3.92186604e-02]],

        [[ 3.09967175e-02,  1.04213327e-01, -1.31483763e-01],
         [-7.18283057e-02,  8.60052854e-02, -1.71094403e-01],
         [-6.95143193e-02,  7.50796199e-02, -1.11562468e-01]],

        [[ 1.50938943e-01, -5.94696514e-02,  1.51244730e-01],
         [-1.67864531e-01, -3.53471786e-02,  1.44633427e-01],
         [ 1.30346581e-01, -6.69767708e-02,  5.15649933e-03]]],


       [[[-1.88263431e-01, -1.85571492e-01,  1.52507663e-01],
         [ 1.71949103e-01,  1.62456855e-01,  2.26318259e-02],
         [-1.91453606e-01, -1.06351070e-01, -1.87482134e-01]],

        [[-1.79155245e-01, -1.68192327e-01,  2.37620100e-02],
         [ 7.11396858e-02, -1.02520220e-01, -1.39003918e-01],
         [ 1.38036266e-01,  5.68121150e-02, -1.79110512e-01]],

        [[-1.52032211e-01, -1.88916728e-01, -6.82438910e-02],
         [ 1.42159954e-01, -7.92255551e-02, -5.23839965e-02],
         [ 9.33577940e-02, -1.12025045e-01,  1.52009934e-01]]],


       [[[-1.44676894e-01,  1.41476512e-01,  6.61332905e-03],
         [-1.19625628e-01, -1.18862033e-01,  9.86233652e-02],
         [ 6.36735335e-02, -2.62185074e-02, -1.04909815e-01]],

        [[-5.00593893e-02, -4.48847450e-02, -1.31565025e-02],
         [ 1.84410170e-01, -1.24625072e-01,  7.61825517e-02],
         [-6.30900558e-06, -1.11869499e-01, -2.30767373e-02]],

        [[-2.53724344e-02,  3.32250372e-02, -8.78392309e-02],
         [ 2.75073331e-02, -1.40687272e-01,  1.78366855e-01],
         [ 1.76636562e-01,  1.77554548e-01, -3.72627527e-02]]],


       [[[ 1.70504209e-02, -4.52360995e-02,  8.01720936e-03],
         [-3.09942178e-02,  6.53025657e-02,  4.23633195e-02],
         [-4.60027680e-02, -1.76490903e-01, -4.95506786e-02]],

        [[-5.82467355e-02,  3.97804612e-03, -1.11546136e-01],
         [ 9.26252380e-02, -7.56188706e-02, -1.25490040e-01],
         [ 1.02177439e-02,  5.88682070e-02,  1.37009069e-01]],

        [[-1.74685150e-01,  1.27208531e-01,  2.13994365e-02],
         [-1.91925779e-01, -1.13218270e-01, -1.16030641e-01],
         [-1.32332563e-01, -8.41849595e-02, -1.46728843e-01]]],


       [[[-1.89194698e-02,  4.92255911e-02,  4.46631719e-04],
         [ 3.03005483e-02,  1.41337901e-01, -3.59363258e-02],
         [-1.40382215e-01, -1.59351185e-01,  1.10323720e-01]],

        [[ 1.03617506e-02,  3.54528502e-02, -2.73682363e-03],
         [-9.57307667e-02, -9.73894820e-02, -1.11471914e-01],
         [-7.16907904e-02,  7.22121913e-03,  1.03275739e-01]],

        [[ 1.60890475e-01,  1.62460685e-01, -7.98248202e-02],
         [-8.88590887e-02,  1.77065894e-01, -1.71786219e-01],
         [-2.73325853e-02, -4.85425666e-02,  1.36730447e-01]]],


       [[[-5.81252128e-02,  4.76350589e-03,  9.58435908e-02],
         [-6.74096122e-02,  1.17561273e-01, -2.31069289e-02],
         [-5.20272963e-02, -1.88562304e-01, -1.83182787e-02]],

        [[ 2.67454814e-02, -1.29280835e-01,  1.50449142e-01],
         [ 1.17493831e-01, -6.27255142e-02, -1.62638158e-01],
         [ 1.82130530e-01, -7.14920014e-02,  1.22692928e-01]],

        [[-1.26607224e-01, -1.82261646e-01,  4.49778400e-02],
         [-1.67712003e-01, -8.34635124e-02, -1.66714415e-01],
         [-1.27918571e-01, -8.67228135e-02, -6.55164570e-02]]],


       [[[-1.24105692e-01, -3.15579213e-02, -1.64108500e-01],
         [-1.56122819e-01,  1.25761881e-01, -1.67854607e-01],
         [-6.83632120e-02,  2.41491068e-02,  3.50011028e-02]],

        [[ 5.68338633e-02, -1.45571008e-01,  1.71955615e-01],
         [ 1.52066290e-01,  1.77694619e-01,  2.15378664e-02],
         [-9.38958079e-02,  3.90384980e-02,  1.86379477e-01]],

        [[ 4.66430299e-02,  1.68460131e-01,  1.51280090e-02],
         [ 1.16785571e-01, -4.58143018e-02, -1.34443372e-01],
         [ 1.03107505e-02,  9.71202850e-02,  3.67969424e-02]]],


       [[[-7.12057799e-02,  5.36325797e-02, -1.70197815e-01],
         [-1.38411835e-01, -1.46317363e-01, -1.97498947e-02],
         [-1.02852069e-01, -1.45693645e-01, -1.26429170e-01]],

        [[ 3.97097059e-02,  1.71012089e-01,  6.56960681e-02],
         [-1.47747591e-01, -8.71006846e-02, -3.33116874e-02],
         [ 4.39895969e-03,  1.06075034e-02,  7.49500692e-02]],

        [[-9.97011736e-02, -1.13471135e-01, -1.36620000e-01],
         [ 6.18508980e-02, -9.56687778e-02,  1.32157862e-01],
         [ 8.06787387e-02, -6.43811971e-02,  4.87991050e-02]]],


       [[[-1.21866956e-01, -1.29799902e-01,  1.27948582e-01],
         [ 1.05148414e-02, -1.15613379e-01, -1.08841494e-01],
         [ 1.29728571e-01, -2.52043176e-02,  3.13735157e-02]],

        [[-1.66137084e-01,  1.18706122e-01, -1.64333865e-01],
         [-1.75493568e-01, -1.17410846e-01,  5.07585183e-02],
         [-1.33716166e-01,  2.71405168e-02, -6.86863959e-02]],

        [[ 1.89075440e-01,  1.01908430e-01, -6.29761741e-02],
         [ 5.79471840e-03, -6.18683584e-02, -1.51162073e-01],
         [-3.82300057e-02, -1.37384936e-01,  1.86655760e-01]]],


       [[[ 1.04984768e-01,  1.47657529e-01, -1.69229418e-01],
         [-1.55194059e-01,  1.46224629e-02,  1.09932862e-01],
         [-1.34769995e-02, -5.94550371e-02,  1.09974414e-01]],

        [[-1.51059255e-01, -6.88606873e-02,  5.40743954e-02],
         [-1.44438282e-01, -8.10132772e-02, -3.93570922e-02],
         [ 1.84778884e-01,  6.84651658e-02, -1.54069319e-01]],

        [[-1.12646058e-01, -1.22301795e-01,  1.61941305e-01],
         [ 1.91697553e-01,  1.45253822e-01, -1.33452177e-01],
         [ 2.51029376e-02,  1.12925926e-02, -3.01636085e-02]]],


       [[[ 1.65504009e-01, -3.54925171e-02, -1.54367030e-01],
         [ 1.56764865e-01,  8.92198905e-02, -6.12705611e-02],
         [-9.37480181e-02, -1.71437755e-01, -1.07040979e-01]],

        [[ 1.40348464e-01, -8.85530636e-02, -1.16886921e-01],
         [ 4.46076281e-02,  1.45297319e-01, -8.77757519e-02],
         [-1.21356480e-01, -4.06686999e-02,  1.06956825e-01]],

        [[-1.46699175e-01, -7.13272989e-02,  1.91503465e-01],
         [ 1.28155336e-01,  2.34990963e-03, -1.47242621e-01],
         [ 1.61943406e-01, -2.52804831e-02, -5.48103452e-03]]],


       [[[-1.14870891e-01,  2.10662279e-02, -1.38596907e-01],
         [ 1.56450912e-01, -5.78025803e-02,  9.31895673e-02],
         [ 6.44221976e-02, -1.87334538e-01,  3.25394645e-02]],

        [[-8.61986130e-02,  1.30802646e-01,  9.90651548e-04],
         [-1.44395292e-01,  1.02751912e-03, -2.02255473e-02],
         [-4.46067341e-02,  2.27675028e-02, -1.33407578e-01]],

        [[-8.23949054e-02, -7.29853958e-02,  1.82701901e-01],
         [-1.79371268e-01,  1.59665883e-01,  6.32853806e-02],
         [ 1.39204606e-01, -1.44573748e-01,  9.52455699e-02]]],


       [[[-1.75634384e-01,  1.09663844e-01,  1.29030660e-01],
         [-1.82877675e-01, -1.42093331e-01,  4.06138673e-02],
         [ 1.50294855e-01, -9.07359347e-02, -1.91567570e-01]],

        [[-1.44861028e-01, -1.25978500e-01, -8.30745772e-02],
         [-5.35389557e-02,  1.50803238e-01, -4.84646345e-03],
         [-8.83453935e-02,  9.75041687e-02,  1.92325905e-01]],

        [[-1.06488377e-01, -5.78708127e-02, -1.78656176e-01],
         [-1.78225264e-01,  3.70311108e-03, -1.75083399e-01],
         [-1.04304194e-01,  2.37421412e-02,  1.32533297e-01]]],


       [[[-1.38754398e-01,  5.92385568e-02, -1.52979508e-01],
         [-3.07487175e-02, -3.10663693e-02,  1.84902892e-01],
         [-1.79611728e-01, -4.90735099e-02, -1.89118609e-01]],

        [[-1.67207032e-01, -1.72437415e-01,  1.53798282e-01],
         [-1.06554978e-01, -1.74107903e-03, -1.57965690e-01],
         [-5.59448674e-02,  6.19115345e-02,  1.71739623e-01]],

        [[-1.55319855e-01,  1.74936980e-01,  1.78299263e-01],
         [-9.59288403e-02,  1.07545763e-01,  1.00343131e-01],
         [ 1.83924392e-01,  6.80211037e-02, -6.53616413e-02]]],


       [[[ 5.62557727e-02,  3.29805687e-02, -4.17092964e-02],
         [-3.29664350e-02,  1.28136232e-01, -9.07921419e-02],
         [ 4.38357070e-02,  1.00183181e-01, -1.64322898e-01]],

        [[-2.95667537e-02, -9.83490497e-02,  5.16685769e-02],
         [ 5.03781214e-02, -1.07233644e-01,  1.85943857e-01],
         [-2.34385058e-02, -8.87946188e-02, -7.67215490e-02]],

        [[-1.70658723e-01, -1.16391495e-01,  1.65064007e-01],
         [-1.14068173e-01,  1.22381933e-01, -1.20033488e-01],
         [ 5.24816811e-02, -7.61254728e-02,  1.19678117e-01]]],


       [[[ 6.05152696e-02,  1.80883706e-01, -8.61889571e-02],
         [-1.12010725e-01, -2.66697966e-02, -2.41084993e-02],
         [ 1.87904939e-01, -1.33436963e-01,  4.58930135e-02]],

        [[ 1.55485556e-01, -6.06609061e-02,  1.44290537e-01],
         [ 6.91619590e-02,  1.40364885e-01, -1.16618164e-01],
         [-9.44632478e-03,  6.33510426e-02,  3.66182961e-02]],

        [[-6.10741787e-02,  1.53710797e-01,  1.25135303e-01],
         [ 4.04349230e-02,  1.45084992e-01, -2.06781905e-02],
         [-1.64782051e-02,  5.60920611e-02,  1.40301481e-01]]]],
      dtype=float32), array([ 0.00743022,  0.05392598, -0.14129344,  0.1272446 , -0.06625319,
        0.07855873,  0.03660519, -0.07897939,  0.04308509,  0.07737346,
        0.05781387, -0.14424403,  0.09921368,  0.10501326,  0.14106993,
       -0.13313401,  0.07913452,  0.17238335, -0.14041199, -0.1318029 ,
        0.12321609, -0.05697519, -0.05808082, -0.04994663, -0.05138775,
       -0.17728464, -0.05226378, -0.03338191, -0.06729683, -0.13369441,
       -0.05782979, -0.18370794], dtype=float32), array([[ 0.00300947, -0.01031776, -0.00696783, ...,  0.0089741 ,
        -0.00211936,  0.006273  ],
       [-0.00682218, -0.00849498,  0.00901953, ...,  0.00652923,
         0.00110594,  0.00459585],
       [-0.00204957,  0.00920358,  0.00374112, ..., -0.0056636 ,
        -0.00821678,  0.00808285],
       ...,
       [-0.00891947, -0.00384377, -0.0008505 , ...,  0.00263026,
        -0.00540581, -0.00436683],
       [ 0.00073251, -0.00273328,  0.00333257, ..., -0.00166684,
        -0.00259441, -0.01065564],
       [-0.00736978, -0.01007407,  0.00313492, ...,  0.01005053,
        -0.00188164,  0.00480005]], dtype=float32), array([ 0.00906278, -0.00611198,  0.00143766,  0.00451698, -0.00648591,
       -0.00701978, -0.00911046, -0.00800145, -0.0037323 , -0.00860854],
      dtype=float32)], num_examples=16666, metrics={'accuracy': 0.44461778471138846, 'avg_loss': 1.584597524797789})